Hop 1: [8-0] 8 (0 1 0 0 0 0) -> 0 (0 0 0 0 0 0)
Hop 1: [12-0] 12 (0 1 1 0 0 0) -> 8 (0 1 0 0 0 0)
Hop 1: [18-0] 18 (1 0 0 1 0 0) -> 16 (1 0 0 0 0 0)
Hop 1: [9-0] 9 (0 1 0 0 1 0) -> 1 (0 0 0 0 1 0)
Hop 1: [19-0] 19 (1 0 0 1 1 0) -> 17 (1 0 0 0 1 0)
Hop 1: [29-0] 29 (1 1 1 0 1 0) -> 25 (1 1 0 0 1 0)
Hop 1: [1-0] 1 (0 0 0 0 1 0) -> 0 (0 0 0 0 0 0)
Hop 1: [13-0] 13 (0 1 1 0 1 0) -> 9 (0 1 0 0 1 0)
Hop 1: [25-0] 25 (1 1 0 0 1 0) -> 17 (1 0 0 0 1 0)
Hop 1: [10-0] 10 (0 1 0 1 0 0) -> 8 (0 1 0 0 0 0)
Hop 1: [22-0] 22 (1 0 1 1 0 0) -> 20 (1 0 1 0 0 0)
Hop 1: [11-0] 11 (0 1 0 1 1 0) -> 9 (0 1 0 0 1 0)
Hop 2: [12-0] 8 (0 1 0 0 0 0) -> 0 (0 0 0 0 0 0)
Hop 1: [16-0] 16 (1 0 0 0 0 0) -> 0 (0 0 0 0 0 0)
Hop 1: [0-1] 0 (0 0 0 0 0 0) -> 1 (0 0 0 0 1 0)
Hop 1: [26-0] 26 (1 1 0 1 0 0) -> 24 (1 1 0 0 0 0)
Hop 1: [3-0] 3 (0 0 0 1 1 0) -> 1 (0 0 0 0 1 0)
Hop 2: [18-0] 16 (1 0 0 0 0 0) -> 0 (0 0 0 0 0 0)
Hop 1: [5-0] 5 (0 0 1 0 1 0) -> 1 (0 0 0 0 1 0)
Hop 1: [31-0] 31 (1 1 1 1 1 0) -> 29 (1 1 1 0 1 0)
Hop 1: [17-0] 17 (1 0 0 0 1 0) -> 1 (0 0 0 0 1 0)
Hop 1: [2-0] 2 (0 0 0 1 0 0) -> 0 (0 0 0 0 0 0)
Hop 1: [30-0] 30 (1 1 1 1 0 0) -> 28 (1 1 1 0 0 0)
Hop 1: [7-0] 7 (0 0 1 1 1 0) -> 5 (0 0 1 0 1 0)
Hop 1: [28-0] 28 (1 1 1 0 0 0) -> 24 (1 1 0 0 0 0)
Hop 1: [4-0] 4 (0 0 1 0 0 0) -> 0 (0 0 0 0 0 0)
Hop 2: [19-0] 17 (1 0 0 0 1 0) -> 1 (0 0 0 0 1 0)
Hop 2: [9-0] 1 (0 0 0 0 1 0) -> 0 (0 0 0 0 0 0)
Hop 1: [24-0] 24 (1 1 0 0 0 0) -> 16 (1 0 0 0 0 0)
Hop 1: [6-0] 6 (0 0 1 1 0 0) -> 4 (0 0 1 0 0 0)
Hop 1: [20-0] 20 (1 0 1 0 0 0) -> 16 (1 0 0 0 0 0)
Hop 1: [15-0] 15 (0 1 1 1 1 0) -> 13 (0 1 1 0 1 0)
Hop 1: [27-0] 27 (1 1 0 1 1 0) -> 25 (1 1 0 0 1 0)
Hop 1: [14-0] 14 (0 1 1 1 0 0) -> 12 (0 1 1 0 0 0)
Hop 1: [23-0] 23 (1 0 1 1 1 0) -> 21 (1 0 1 0 1 0)
Hop 2: [29-0] 25 (1 1 0 0 1 0) -> 17 (1 0 0 0 1 0)
Hop 1: [21-0] 21 (1 0 1 0 1 0) -> 17 (1 0 0 0 1 0)
Hop 2: [25-0] 17 (1 0 0 0 1 0) -> 1 (0 0 0 0 1 0)
Hop 2: [13-0] 9 (0 1 0 0 1 0) -> 1 (0 0 0 0 1 0)
Hop 2: [22-0] 20 (1 0 1 0 0 0) -> 16 (1 0 0 0 0 0)
Hop 2: [10-0] 8 (0 1 0 0 0 0) -> 0 (0 0 0 0 0 0)
Hop 2: [11-0] 9 (0 1 0 0 1 0) -> 1 (0 0 0 0 1 0)
Hop 2: [26-0] 24 (1 1 0 0 0 0) -> 16 (1 0 0 0 0 0)
Hop 2: [3-0] 1 (0 0 0 0 1 0) -> 0 (0 0 0 0 0 0)
Hop 2: [31-0] 29 (1 1 1 0 1 0) -> 25 (1 1 0 0 1 0)
Hop 2: [5-0] 1 (0 0 0 0 1 0) -> 0 (0 0 0 0 0 0)
Hop 2: [17-0] 1 (0 0 0 0 1 0) -> 0 (0 0 0 0 0 0)
Hop 2: [30-0] 28 (1 1 1 0 0 0) -> 24 (1 1 0 0 0 0)
Hop 2: [28-0] 24 (1 1 0 0 0 0) -> 16 (1 0 0 0 0 0)
Hop 2: [7-0] 5 (0 0 1 0 1 0) -> 1 (0 0 0 0 1 0)
Hop 3: [19-0] 1 (0 0 0 0 1 0) -> 0 (0 0 0 0 0 0)
Hop 2: [24-0] 16 (1 0 0 0 0 0) -> 0 (0 0 0 0 0 0)
Hop 2: [20-0] 16 (1 0 0 0 0 0) -> 0 (0 0 0 0 0 0)
Hop 2: [6-0] 4 (0 0 1 0 0 0) -> 0 (0 0 0 0 0 0)
Hop 2: [27-0] 25 (1 1 0 0 1 0) -> 17 (1 0 0 0 1 0)
Hop 2: [15-0] 13 (0 1 1 0 1 0) -> 9 (0 1 0 0 1 0)
Hop 2: [23-0] 21 (1 0 1 0 1 0) -> 17 (1 0 0 0 1 0)
Hop 2: [14-0] 12 (0 1 1 0 0 0) -> 8 (0 1 0 0 0 0)
Hop 2: [21-0] 17 (1 0 0 0 1 0) -> 1 (0 0 0 0 1 0)
Hop 3: [29-0] 17 (1 0 0 0 1 0) -> 1 (0 0 0 0 1 0)
Hop 3: [25-0] 1 (0 0 0 0 1 0) -> 0 (0 0 0 0 0 0)
Hop 3: [22-0] 16 (1 0 0 0 0 0) -> 0 (0 0 0 0 0 0)
Hop 3: [13-0] 1 (0 0 0 0 1 0) -> 0 (0 0 0 0 0 0)
Hop 3: [11-0] 1 (0 0 0 0 1 0) -> 0 (0 0 0 0 0 0)
Hop 3: [26-0] 16 (1 0 0 0 0 0) -> 0 (0 0 0 0 0 0)
Hop 3: [31-0] 25 (1 1 0 0 1 0) -> 17 (1 0 0 0 1 0)
Hop 3: [30-0] 24 (1 1 0 0 0 0) -> 16 (1 0 0 0 0 0)
Hop 3: [7-0] 1 (0 0 0 0 1 0) -> 0 (0 0 0 0 0 0)
Hop 3: [28-0] 16 (1 0 0 0 0 0) -> 0 (0 0 0 0 0 0)
Hop 3: [27-0] 17 (1 0 0 0 1 0) -> 1 (0 0 0 0 1 0)
Hop 3: [15-0] 9 (0 1 0 0 1 0) -> 1 (0 0 0 0 1 0)
Hop 3: [23-0] 17 (1 0 0 0 1 0) -> 1 (0 0 0 0 1 0)
Hop 3: [14-0] 8 (0 1 0 0 0 0) -> 0 (0 0 0 0 0 0)
Hop 3: [21-0] 1 (0 0 0 0 1 0) -> 0 (0 0 0 0 0 0)
Hop 4: [29-0] 1 (0 0 0 0 1 0) -> 0 (0 0 0 0 0 0)
Hop 1: [8-9] 8 (0 1 0 0 0 0) -> 9 (0 1 0 0 1 0)
Hop 4: [31-0] 17 (1 0 0 0 1 0) -> 1 (0 0 0 0 1 0)
Hop 4: [30-0] 16 (1 0 0 0 0 0) -> 0 (0 0 0 0 0 0)
Hop 4: [27-0] 1 (0 0 0 0 1 0) -> 0 (0 0 0 0 0 0)
Hop 4: [15-0] 1 (0 0 0 0 1 0) -> 0 (0 0 0 0 0 0)
Hop 4: [23-0] 1 (0 0 0 0 1 0) -> 0 (0 0 0 0 0 0)
Hop 1: [1-2] 1 (0 0 0 0 1 0) -> 3 (0 0 0 1 1 0)
Hop 1: [16-17] 16 (1 0 0 0 0 0) -> 17 (1 0 0 0 1 0)
Hop 1: [12-13] 12 (0 1 1 0 0 0) -> 13 (0 1 1 0 1 0)
Hop 1: [18-19] 18 (1 0 0 1 0 0) -> 19 (1 0 0 1 1 0)
Hop 5: [31-0] 1 (0 0 0 0 1 0) -> 0 (0 0 0 0 0 0)
Hop 1: [2-3] 2 (0 0 0 1 0 0) -> 3 (0 0 0 1 1 0)
Hop 1: [4-5] 4 (0 0 1 0 0 0) -> 5 (0 0 1 0 1 0)
Hop 1: [9-10] 9 (0 1 0 0 1 0) -> 11 (0 1 0 1 1 0)
Hop 2: [1-2] 3 (0 0 0 1 1 0) -> 2 (0 0 0 1 0 0)
Hop 1: [10-11] 10 (0 1 0 1 0 0) -> 11 (0 1 0 1 1 0)
Hop 1: [3-4] 3 (0 0 0 1 1 0) -> 1 (0 0 0 0 1 0)
Hop 1: [17-18] 17 (1 0 0 0 1 0) -> 19 (1 0 0 1 1 0)
Hop 1: [5-6] 5 (0 0 1 0 1 0) -> 7 (0 0 1 1 1 0)
Hop 1: [19-20] 19 (1 0 0 1 1 0) -> 17 (1 0 0 0 1 0)
Hop 1: [24-25] 24 (1 1 0 0 0 0) -> 25 (1 1 0 0 1 0)
Hop 2: [9-10] 11 (0 1 0 1 1 0) -> 10 (0 1 0 1 0 0)
Hop 1: [20-21] 20 (1 0 1 0 0 0) -> 21 (1 0 1 0 1 0)
Hop 1: [6-7] 6 (0 0 1 1 0 0) -> 7 (0 0 1 1 1 0)
Hop 1: [25-26] 25 (1 1 0 0 1 0) -> 27 (1 1 0 1 1 0)
Hop 1: [22-23] 22 (1 0 1 1 0 0) -> 23 (1 0 1 1 1 0)
Hop 1: [26-27] 26 (1 1 0 1 0 0) -> 27 (1 1 0 1 1 0)
Hop 1: [13-14] 13 (0 1 1 0 1 0) -> 15 (0 1 1 1 1 0)
Hop 2: [17-18] 19 (1 0 0 1 1 0) -> 18 (1 0 0 1 0 0)
Hop 1: [11-12] 11 (0 1 0 1 1 0) -> 9 (0 1 0 0 1 0)
Hop 1: [28-29] 28 (1 1 1 0 0 0) -> 29 (1 1 1 0 1 0)
Hop 2: [3-4] 1 (0 0 0 0 1 0) -> 5 (0 0 1 0 1 0)
Hop 2: [19-20] 17 (1 0 0 0 1 0) -> 21 (1 0 1 0 1 0)
Hop 2: [5-6] 7 (0 0 1 1 1 0) -> 6 (0 0 1 1 0 0)
Hop 1: [7-8] 7 (0 0 1 1 1 0) -> 5 (0 0 1 0 1 0)
Hop 1: [21-22] 21 (1 0 1 0 1 0) -> 23 (1 0 1 1 1 0)
Hop 1: [14-15] 14 (0 1 1 1 0 0) -> 15 (0 1 1 1 1 0)
Hop 2: [25-26] 27 (1 1 0 1 1 0) -> 26 (1 1 0 1 0 0)
Hop 1: [29-30] 29 (1 1 1 0 1 0) -> 31 (1 1 1 1 1 0)
Hop 2: [13-14] 15 (0 1 1 1 1 0) -> 14 (0 1 1 1 0 0)
Hop 2: [11-12] 9 (0 1 0 0 1 0) -> 13 (0 1 1 0 1 0)
Hop 3: [3-4] 5 (0 0 1 0 1 0) -> 4 (0 0 1 0 0 0)
Hop 1: [30-31] 30 (1 1 1 1 0 0) -> 31 (1 1 1 1 1 0)
Hop 3: [19-20] 21 (1 0 1 0 1 0) -> 20 (1 0 1 0 0 0)
Hop 2: [7-8] 5 (0 0 1 0 1 0) -> 1 (0 0 0 0 1 0)
Hop 1: [27-28] 27 (1 1 0 1 1 0) -> 25 (1 1 0 0 1 0)
Hop 1: [15-16] 15 (0 1 1 1 1 0) -> 13 (0 1 1 0 1 0)
Hop 1: [23-24] 23 (1 0 1 1 1 0) -> 21 (1 0 1 0 1 0)
Hop 2: [21-22] 23 (1 0 1 1 1 0) -> 22 (1 0 1 1 0 0)
Hop 2: [29-30] 31 (1 1 1 1 1 0) -> 30 (1 1 1 1 0 0)
Hop 3: [11-12] 13 (0 1 1 0 1 0) -> 12 (0 1 1 0 0 0)
Hop 2: [27-28] 25 (1 1 0 0 1 0) -> 29 (1 1 1 0 1 0)
Hop 3: [7-8] 1 (0 0 0 0 1 0) -> 9 (0 1 0 0 1 0)
Hop 2: [23-24] 21 (1 0 1 0 1 0) -> 17 (1 0 0 0 1 0)
Hop 2: [15-16] 13 (0 1 1 0 1 0) -> 9 (0 1 0 0 1 0)
Hop 3: [27-28] 29 (1 1 1 0 1 0) -> 28 (1 1 1 0 0 0)
Hop 3: [23-24] 17 (1 0 0 0 1 0) -> 25 (1 1 0 0 1 0)
Hop 4: [7-8] 9 (0 1 0 0 1 0) -> 8 (0 1 0 0 0 0)
Hop 3: [15-16] 9 (0 1 0 0 1 0) -> 1 (0 0 0 0 1 0)
Hop 4: [23-24] 25 (1 1 0 0 1 0) -> 24 (1 1 0 0 0 0)
Hop 4: [15-16] 1 (0 0 0 0 1 0) -> 17 (1 0 0 0 1 0)
Hop 5: [15-16] 17 (1 0 0 0 1 0) -> 16 (1 0 0 0 0 0)
