0 0 9.600e+02 0
0 1 3.632e+09 1
1 0 7.267e+08 1
1 2 2.906e+09 2
10 0 9.800e+02 2
10 11 1.453e+09 1
11 0 9.800e+02 3
11 12 1.453e+09 3
12 0 9.800e+02 2
12 13 1.453e+09 1
13 0 9.800e+02 3
13 14 1.453e+09 2
14 0 9.800e+02 3
14 15 1.453e+09 1
15 0 7.267e+08 4
15 16 7.267e+08 5
16 0 9.800e+02 1
16 17 7.267e+08 1
17 0 9.800e+02 2
17 18 7.267e+08 2
18 0 9.800e+02 2
18 19 7.267e+08 1
19 0 9.800e+02 3
19 20 7.267e+08 3
2 0 9.800e+02 1
2 3 2.906e+09 1
20 0 9.800e+02 2
20 21 7.267e+08 1
21 0 9.800e+02 3
21 22 7.267e+08 2
22 0 9.800e+02 3
22 23 7.267e+08 1
23 0 9.800e+02 4
23 24 7.267e+08 4
24 0 9.800e+02 2
24 25 7.267e+08 1
25 0 9.800e+02 3
25 26 7.267e+08 2
26 0 9.800e+02 3
26 27 7.267e+08 1
27 0 9.800e+02 4
27 28 7.267e+08 3
28 0 9.800e+02 3
28 29 7.267e+08 1
29 0 9.800e+02 4
29 30 7.267e+08 2
3 0 7.267e+08 2
3 4 2.180e+09 3
30 0 9.800e+02 4
30 31 7.267e+08 1
31 0 7.267e+08 5
4 0 9.800e+02 1
4 5 2.180e+09 1
5 0 9.800e+02 2
5 6 2.180e+09 2
6 0 9.800e+02 2
6 7 2.180e+09 1
7 0 7.267e+08 3
7 8 1.453e+09 4
8 0 9.800e+02 1
8 9 1.453e+09 1
9 0 9.800e+02 2
9 10 1.453e+09 2
